allclear/data/hipparcos_bright.ecsv
# %ECSV 1.0
# ---
# datatype:
# - name: hip_id
#   datatype: int32
#   description: Identifier (HIP number) (H1)
#   meta: !!omap
#   - {ucd: ID_MAIN}
#   - {width: 6}
# - {name: ra_deg, datatype: float64}
# - {name: dec_deg, datatype: float64}
# - {name: vmag, datatype: float64}
# schema: astropy-2.0
hip_id ra_deg dec_deg vmag
[from data line 6765]
90156 275.9775272713 58.8007360888 4.980000019073486
90163 275.9886680943 38.7392098928 6.409999847412109
90174 276.0149502054 -3.5831568912 6.360000133514404
90182 276.0386285492 83.1753996549 6.159999847412109
90185 276.0429930114 -34.3846161104 1.7899999618530273
90191 276.0574401982 39.5072387466 5.110000133514404
90200 276.0760072075 -44.110256109 5.239999771118164
90223 276.1380750424 -49.6528788108 6.449999809265137
90238 276.1755347683 -7.0759361775 6.28000020980835
90253 276.2383695504 -1.5794131353 6.150000095367432
90256 276.243589427 27.3947834615 6.269999980926514
90260 276.2559413932 -30.7565700719 5.579999923706055
90289 276.3376695296 -20.5416789856 4.809999942779541
90290 276.3403044102 -35.9920253955 6.139999866485596
90304 276.3817917739 -63.0215341307 6.130000114440918
90313 276.4116618123 8.0320064382 5.639999866485596
90336 276.4775218507 -33.9457180744 6.300000190734863
90337 276.4801240692 14.9662319235 6.369999885559082
90342 276.4949467746 29.8289301629 5.809999942779541
90344 276.4964088355 65.5634804836 4.820000171661377
90398 276.6705345164 26.4492161849 6.5
90414 276.7250513062 -48.1172426493 5.440000057220459
90422 276.7434011412 -45.9684588115 3.490000009536743
90437 276.7869385604 -8.0404064729 6.5
90441 276.8021184233 0.1961084554 5.199999809265137
90476 276.92560569 59.5491120505 6.429999828338623
90478 276.9323112662 -26.6348449447 6.309999942779541
90485 276.9561824168 -29.8168653128 5.900000095367432
90487 276.9596697115 3.7485700268 6.070000171661377
90494 276.985332241 -17.8003568229 6.190000057220459
90496 276.9926689605 -25.4217001081 2.819999933242798
90497 276.994887604 6.1941038553 5.710000038146973
90510 277.0256925417 -26.7572454212 6.28000020980835
90509 277.0267698236 -84.3872557209 6.489999771118164
90541 277.1129741133 -38.9956707813 5.630000114440918
90568 277.2077448049 -49.0705879064 4.099999904632568
90595 277.2993907196 -14.5658134483 4.670000076293945
90597 277.3036368524 -43.845938805 6.360000133514404
90606 277.3330860545 -80.2327081528 5.949999809265137
90637 277.3987934129 23.8662017104 5.869999885559082
90642 277.4207492425 -1.9853078071 5.380000114440918
90647 277.4373666417 77.5470679386 5.650000095367432
90651 277.4448335455 -14.5819866072 6.019999980926514
90662 277.4830953629 -47.2205457837 5.690000057220459
90664 277.4864095168 -57.5231433349 5.739999771118164
90687 277.5494328124 -18.7287942366 5.630000114440918
90692 277.5595676171 -5.7241692521 6.269999980926514
90729 277.6735476684 20.8150460722 6.489999771118164
90759 277.762287394 -41.913833711 6.019999980926514
90762 277.7685351771 16.9285558587 5.760000228881836
90763 277.7701841013 -32.9891144937 5.369999885559082
90797 277.843438924 -62.278301969 4.630000114440918
90804 277.8570576322 -10.7958362078 5.769999980926514
90806 277.8595684504 -18.4026974968 5.119999885559082
90830 277.9393037393 -45.9148136 4.920000076293945
90842 277.9842625748 -43.5073826792 5.710000038146973
90844 277.9874767922 -1.0029773935 5.929999828338623
90853 278.0081057194 -45.7573819729 5.070000171661377
90858 278.0287016955 3.659602965 6.409999847412109
90884 278.0860645767 -14.6442682132 6.360000133514404
90887 278.0888791816 -39.7040008475 5.159999847412109
90905 278.1438442998 57.0455990374 4.769999980926514
90913 278.1805096472 -14.865662491 5.46999979019165
90915 278.1923139444 23.616801146 5.880000114440918
90923 278.2081580109 30.5542088387 5.46999979019165
90930 278.2306001587 -73.965595846 5.880000114440918
90936 278.2538180898 -39.892021729 6.21999979019165
90967 278.3446161532 -5.9117177987 6.360000133514404
90969 278.3461979248 -38.7200331062 6.309999942779541
90968 278.3463867907 -38.7259855518 5.670000076293945
90971 278.3470937578 8.2682511733 6.420000076293945
90981 278.3727975173 -58.7087845836 6.400000095367432
90982 278.3757738961 -42.3125098245 4.619999885559082
90991 278.4125855275 -14.853614486 5.739999771118164
91004 278.4728576929 -24.0322825969 5.489999771118164
91013 278.4862314172 52.3535168746 5.380000114440918
91014 278.4906934118 -33.0165598179 5.28000020980835
91062 278.6296596542 -52.891520589 6.210000038146973
91090 278.6978917842 10.8920099275 6.480000019073486
91105 278.7599696045 -10.97720631 5.119999885559082
91117 278.8017778064 -8.2440729157 3.8499999046325684
91118 278.8025107404 18.2034101519 5.789999961853027
91119 278.8062697822 34.458021501 6.099999904632568
91132 278.8388758483 -20.8404420585 6.489999771118164
91139 278.8766538898 23.6055304743 5.619999885559082
91142 278.9020569158 4.9359885522 6.46999979019165
91159 278.9717602916 16.9756969087 6.210000038146973
91172 278.9985190913 -29.6991036554 6.360000133514404
91196 279.0553085416 65.4887170212 6.070000171661377
91217 279.115968316 9.1224912272 5.380000114440918
91235 279.1555981376 33.4690364321 5.409999847412109
91237 279.162811389 6.6718052751 5.429999828338623
91250 279.1897891493 43.2218147929 6.210000038146973
91262 279.2347351065 38.7836917958 0.029999999329447746
91279 279.2877475815 16.1982948564 6.309999942779541
91315 279.3895858346 62.52659062 5.739999771118164
91322 279.3998389251 -0.3094723079 5.760000228881836
91347 279.476775301 -21.3977246303 5.929999828338623
91369 279.5186682118 -14.004781014 6.489999771118164
91373 279.5269868442 39.6683263928 6.019999980926514
91394 279.5991629802 -3.1936399076 6.489999771118164
91405 279.6279797152 -23.5048932389 5.78000020980835
91438 279.7225020438 -21.0518711184 5.849999904632568
91461 279.809558172 -47.9097674462 5.840000152587891
91491 279.8876538646 40.9350593175 6.25
91494 279.8964984858 -43.185878228 5.420000076293945
91499 279.9036534471 5.2642867697 6.360000133514404
91523 279.9649883899 7.3585983019 6.260000228881836
91525 279.9700602611 52.1960755096 6.0
91532 280.0016159939 -7.7907985397 5.820000171661377
91533 280.008020126 30.8494707779 6.429999828338623
91552 280.0508327571 38.3671951121 6.449999809265137
91606 280.2350400953 62.749466074 6.099999904632568
91662 280.3778367217 -48.0946856972 6.46999979019165
91675 280.42213124 31.6176121068 6.409999847412109
91677 280.4269210218 -14.5642436758 6.400000095367432
91689 280.4651246204 -23.8334227471 6.21999979019165
91707 280.5336959071 34.7463068842 6.489999771118164
91723 280.5600881761 -81.8081136546 6.269999980926514
91726 280.5684448997 -9.0525486603 4.699999809265137
91733 280.594270955 -64.6430445885 6.349999904632568
91751 280.650489462 -7.0736541921 6.130000114440918
91755 280.6581395569 55.5394572178 5.03000020980835
91781 280.7295802703 -19.2842093204 6.320000171661377
91792 280.7589004892 -71.4281134026 4.010000228881836
91811 280.793138977 70.7928486781 6.28000020980835
91820 280.8190439014 39.3000665172 6.449999809265137
91843 280.870889539 53.8717670242 6.179999828338623
91845 280.880219801 -8.2752148442 4.880000114440918
91852 280.9004573264 36.5566048543 6.039999961853027
91854 280.9055770974 -64.55142496 5.760000228881836
91875 280.9455914199 -38.3234414082 5.110000133514404
91880 280.9634759125 -6.8181187489 6.300000190734863
91883 280.9649649956 31.926612924 5.679999828338623
91901 281.0331201209 -36.7183355557 6.309999942779541
91915 281.0761060625 61.0481435071 6.019999980926514
91918 281.0806682489 -35.6419866664 4.860000133514404
91919 281.0847721433 39.6701232524 4.670000076293945
91926 281.0949177539 39.6127215457 4.590000152587891
91958 281.1679006772 23.5898833001 6.300000190734863
91971 281.1931558989 37.6051148298 4.340000152587891
91973 281.2008499388 37.594614851 5.730000019073486
91974 281.2066765647 -25.0109140514 5.820000171661377
91975 281.2080754327 2.0600382658 5.019999980926514
91985 281.230833715 54.8971840947 6.260000228881836
91989 281.2381516338 -39.6861882082 5.400000095367432
92008 281.2980320212 -61.0951960295 6.039999961853027
92016 281.3277422938 -21.0016153362 6.349999904632568
92021 281.3495075459 -56.8819701128 6.21999979019165
92024 281.3620877806 -64.8712591821 4.78000020980835
92027 281.3681874655 5.5001277739 5.820000171661377
92040 281.4087603396 79.9426729655 6.400000095367432
92041 281.4141103494 -26.9907783062 3.1700000762939453
92043 281.4155225901 20.546307744 4.190000057220459
92056 281.4448648029 74.0855527769 5.25
92072 281.4833154992 -50.8727148544 6.239999771118164
92079 281.5047789431 -19.6063567996 6.340000152587891
92088 281.518667885 26.6621298312 4.829999923706055
92098 281.5542062175 41.4418103797 6.059999942779541
92111 281.5858694058 -22.3921761046 5.369999885559082
92112 281.5926483009 75.4339641347 5.369999885559082
92117 281.619143248 -0.9616925218 5.889999866485596
92131 281.6723410618 18.7059070196 6.179999828338623
92133 281.6795332407 52.9879603221 5.909999847412109
92136 281.6805180735 -10.1250480435 5.690000057220459
92161 281.7553074007 18.1815189403 4.340000152587891
92175 281.7936367759 -4.7478673315 4.21999979019165
92202 281.8706259733 -5.7051469622 5.380000114440918
92226 281.9359100992 -40.4061668054 5.199999809265137
92233 281.9547119098 -77.8682492161 6.389999866485596
92243 281.9890542159 31.7568352724 6.059999942779541
92254 282.0111059101 4.2414220583 6.199999809265137
92269 282.0669779906 48.767556378 6.119999885559082
92270 282.0683446721 23.5147486108 6.190000057220459
92294 282.1579383838 -65.0776795193 5.710000038146973
92296 282.1645517905 -6.0043114694 6.489999771118164
92301 282.1892173465 -18.6011498362 6.460000038146973
92308 282.2103759099 -43.6800474627 5.460000038146973
92312 282.2224425988 19.3287204083 5.889999866485596
92367 282.3639344543 -45.8101001846 5.800000190734863
92382 282.3958157803 -43.4341018118 5.599999904632568
92386 282.4049691937 0.8361973501 6.239999771118164
92390 282.4171093627 -20.3246560397 5.21999979019165
92391 282.420646832 -5.9128625632 5.989999771118164
92394 282.4320018442 -72.9957225296 6.039999961853027
92398 282.441308358 32.8128203654 5.929999828338623
92405 282.4704865198 32.5510577161 5.21999979019165
92420 282.5199778211 33.3626670397 3.5199999809265137
92456 282.6298745829 -13.5722622031 6.480000019073486
92475 282.6897980236 10.976392334 6.369999885559082
92480 282.7103782319 -22.1621903329 6.289999961853027
92488 282.743786652 -9.7740955364 5.820000171661377
92487 282.7443790744 -41.0626870487 6.5
92512 282.8003977539 59.3883507585 4.630000114440918
92524 282.8423232108 -3.3178565465 6.079999923706055
92549 282.89557639 52.9751169792 5.510000228881836
92550 282.8995471191 28.7836707565 6.21999979019165
92551 282.9021548995 36.5390917872 6.099999904632568
92593 283.0080150591 13.9656470878 6.190000057220459
92599 283.0302070292 41.3832436456 6.28000020980835
92608 283.0497440511 -41.7091951304 6.46999979019165
92609 283.0543119916 -62.1875935054 4.21999979019165
92614 283.0684505004 21.4251418828 5.429999828338623
92630 283.113460849 -46.5951191097 5.510000228881836
92635 283.1179784517 -26.6507699996 6.28000020980835
92643 283.1543551442 -29.3796761811 6.119999885559082
92646 283.1651777619 -52.1073702398 5.179999828338623
92669 283.2495875629 -46.586328945 6.170000076293945
92674 283.2575369302 -9.5755206364 6.269999980926514
92676 283.2597791351 -48.3609127372 6.170000076293945
92687 283.3000061096 -51.9314375556 6.300000190734863
92689 283.306439615 50.7082214921 4.920000076293945
92717 283.3884044711 75.7873717555 6.329999923706055
92728 283.431498453 36.9717212306 5.579999923706055
92731 283.4429577718 57.4865574633 6.239999771118164
92747 283.5003819018 -21.3598450887 5.679999828338623
92761 283.5424047247 -22.7448340542 4.860000133514404
92768 283.5551966215 27.9095281801 5.639999866485596
92782 283.5993944657 71.2971919103 4.820000171661377
92791 283.6261824853 36.8986131036 4.21999979019165
92814 283.6796410339 -15.6030358783 5.079999923706055
92818 283.6870216849 22.6450760735 4.570000171661377
92822 283.6963559312 48.8594010924 5.840000152587891
92824 283.6964002466 -87.6058435281 5.289999961853027
92831 283.7174047569 41.6027225497 5.460000038146973
92833 283.7188202781 33.9685761536 5.989999771118164
92845 283.7797574553 -22.6713280665 5.0
92855 283.8163571633 -26.2967222487 2.049999952316284
92862 283.8337555135 43.9460885028 4.079999923706055
92866 283.8481593596 -37.3866030468 6.480000019073486
92872 283.86435786 6.6152898537 5.579999923706055
92882 283.8791912873 -16.3766346593 5.559999942779541
92931 284.0027989154 -23.1737512043 5.909999847412109
92937 284.0255053113 18.1054099366 5.690000057220459
92946 284.0549266047 4.2035951364 4.619999885559082
92951 284.0610147132 4.2021324804 4.980000019073486
92953 284.0706297693 -42.7106756933 5.349999904632568
92963 284.094415955 -1.7998632862 6.199999809265137
92968 284.1066857487 2.4711900346 6.139999866485596
92969 284.1071612221 65.2580836297 5.619999885559082
92972 284.1134867264 -31.6890249517 6.449999809265137
92989 284.1687380132 -37.3432409456 5.360000133514404
92997 284.1877105916 57.8148509592 5.670000076293945
93012 284.2279334534 -62.8019044935 6.46999979019165
93015 284.2376202407 -67.2334946412 4.400000095367432
93017 284.2567102544 32.9012735815 5.199999809265137
93026 284.2652906471 -5.8463136697 4.829999923706055
93049 284.3096298814 -43.9170123833 6.269999980926514
93051 284.3191276552 2.5353463451 5.559999942779541
93053 284.3222632296 62.3967732578 6.5
93057 284.3353195359 -20.6563459351 5.019999980926514
93068 284.3686645598 58.2250259422 6.46999979019165
93074 284.3933110401 -39.8231952662 6.289999961853027
93085 284.4325065125 -21.1066542987 3.5199999809265137
93104 284.5079081276 38.2661879471 5.889999866485596
93117 284.542147152 -83.42219838 6.349999904632568
93124 284.5614473737 17.3609120731 5.329999923706055
93134 284.5886659898 -31.0359746353 6.090000152587891
93138 284.5987709266 6.2399287917 6.21999979019165
93140 284.6034594087 -22.5294929706 6.139999866485596
93148 284.6156933202 -52.9386288932 4.849999904632568
93163 284.6518665221 -60.2005496685 5.139999866485596
93174 284.6807384525 -37.1073570042 4.829999923706055
93177 284.6941166595 40.6791942193 6.199999809265137
93179 284.6955170737 13.9066477508 5.909999847412109
93194 284.7359277092 32.6895574221 3.25
93197 284.7474895986 50.8091431885 6.320000171661377
93203 284.7739188927 13.622244905 5.269999980926514
93209 284.7956810498 -39.5347123654 6.489999771118164
93210 284.801216658 39.2173212562 6.429999828338623
93225 284.8491745325 -12.8405169617 5.510000228881836
93234 284.8615793603 -18.5664329169 6.369999885559082
93238 284.8719502293 -70.4686534521 6.489999771118164
93244 284.9056558391 15.0682981707 4.019999980926514
93256 284.9395183672 26.2304045016 5.260000228881836
93270 284.9921218321 22.8145150789 6.28000020980835
93279 285.0034401669 32.1455142079 4.940000057220459
93287 285.0148524535 -66.6536176216 5.980000019073486
93299 285.0569890883 50.5334664962 5.389999866485596
93315 285.1033936184 -24.942171061 6.349999904632568
93340 285.181062481 55.6583015511 5.510000228881836
93354 285.2300064169 33.802157969 6.039999961853027
93371 285.2679082636 -37.06155521 6.440000057220459
93374 285.2726454038 19.3096048565 6.46999979019165
93393 285.3223195139 26.2914112119 5.690000057220459
93408 285.3598804385 46.9348124792 5.0
93418 285.389649111 -15.2826174182 6.309999942779541
93423 285.4072526447 -22.6953644801 6.25
93429 285.4201133664 -5.739114886 4.019999980926514
93437 285.4515386775 33.6212573994 6.389999866485596
93443 285.4559626134 22.26441245 6.440000057220459
93466 285.5293063761 52.2610578479 6.349999904632568
93470 285.5355027271 -41.9105045959 6.210000038146973
93488 285.5898619059 8.373538765 6.25
93498 285.6153173525 -24.8468261461 5.630000114440918
93506 285.6529747551 -29.8801053942 2.5999999046325684
93523 285.7192540663 19.6610105612 6.110000133514404
93526 285.7270771957 -3.6989866647 5.400000095367432
93537 285.7658545008 -19.2456860469 5.960000038146973
93542 285.7786517983 -42.0951046069 4.739999771118164
93543 285.7791554412 -19.1030244856 6.369999885559082
93552 285.8237345462 -38.2531470026 5.730000019073486
93574 285.8735391366 -68.7555437402 5.889999866485596
