allclear/data/hipparcos_bright.ecsv
# %ECSV 1.0
# ---
# datatype:
# - name: hip_id
#   datatype: int32
#   description: Identifier (HIP number) (H1)
#   meta: !!omap
#   - {ucd: ID_MAIN}
#   - {width: 6}
# - {name: ra_deg, datatype: float64}
# - {name: dec_deg, datatype: float64}
# - {name: vmag, datatype: float64}
# schema: astropy-2.0
hip_id ra_deg dec_deg vmag
[from data line 4028]
51490 157.7448495958 -7.6375498111 6.199999809265137
51491 157.7493237865 -13.5884695687 5.590000152587891
51495 157.7585812628 -73.2214903305 4.940000057220459
51502 157.7694326073 82.5585875638 5.25
51523 157.8409252059 -53.7154836835 4.889999866485596
51551 157.9528267758 -28.2371032518 6.039999961853027
51556 157.9640655244 32.3795543465 5.900000095367432
51560 157.9859900374 -45.0696598319 6.039999961853027
51561 157.9893170435 -45.0667103029 5.760000228881836
51576 158.0060974868 -61.685332553 3.299999952316284
51585 158.0490574052 14.137269619 5.429999828338623
51610 158.1400423989 -44.6185077097 5.909999847412109
51623 158.199205042 -58.66674498 5.980000019073486
51624 158.2027993312 9.3065855843 3.8399999141693115
51635 158.2369173691 -47.0033526293 5.019999980926514
51658 158.3078681473 40.4255599036 4.71999979019165
51676 158.3557862234 -58.1901491004 6.090000152587891
51685 158.3787963543 34.9886945839 5.570000171661377
51718 158.5036853682 -23.7451646837 5.079999923706055
51732 158.55296523 -60.9876292647 6.25
51775 158.7000612281 6.9537489294 5.070000171661377
51795 158.7404146908 -23.1762475566 6.099999904632568
51802 158.7589956575 8.6504255261 5.670000076293945
51808 158.7728360391 75.7129476685 4.860000133514404
51814 158.7903868781 57.0826367076 5.159999847412109
51816 158.7933867695 -43.6645873486 6.090000152587891
51821 158.8035446657 -39.5625887034 5.5
51835 158.8531639742 -76.3089856358 6.289999961853027
51839 158.8671090859 -78.6077857653 4.110000133514404
51849 158.8970743097 -57.5576358989 4.449999809265137
51852 158.911932673 -18.5689779126 6.489999771118164
51883 159.0081535875 80.4946289268 6.480000019073486
51885 159.0187824065 -26.6754788449 6.289999961853027
51905 159.0694118234 -16.3443257285 6.010000228881836
51912 159.0854931771 -59.5643924476 5.079999923706055
51914 159.0892562135 36.3269266599 6.289999961853027
51933 159.1349288843 -12.230121106 5.710000038146973
51979 159.3071855314 -27.4126343041 4.869999885559082
51984 159.3171379482 -53.8552600543 6.429999828338623
51986 159.3255901494 -48.2256201493 3.8399999141693115
52004 159.3627828552 -58.733339481 5.46999979019165
52009 159.3886353739 -13.3845428979 4.889999866485596
52032 159.4677687799 34.0786228189 6.420000076293945
52043 159.5110207783 -57.25630921 5.889999866485596
52085 159.6456374376 -16.8765718525 4.909999847412109
52098 159.6800529365 31.9762375314 4.679999828338623
52102 159.6874843522 -59.1829971298 4.690000057220459
52103 159.6890754169 -59.2624201375 6.5
52112 159.7096404052 -42.7534435914 6.099999904632568
52113 159.7100528644 -12.4436177498 6.039999961853027
52127 159.7484106274 -58.8168538392 5.960000038146973
52136 159.7735644708 53.6683001705 5.550000190734863
52139 159.781802278 37.9100001487 5.840000152587891
52150 159.8162394828 -74.4933837555 6.079999923706055
52154 159.8266376822 -55.6032685743 4.289999961853027
52160 159.8451324615 -64.1117882583 6.329999923706055
52221 160.0476640638 -65.100209003 5.510000228881836
52273 160.2147464448 -35.741717949 6.360000133514404
52308 160.3229822613 -59.6769159892 6.349999904632568
52316 160.3507785518 -1.7414907091 6.25
52338 160.451077354 68.4434996207 5.739999771118164
52340 160.4646605746 -79.7832881141 5.96999979019165
52353 160.4856318196 65.7162797281 5.119999885559082
52366 160.5469475258 31.6969976383 6.019999980926514
52370 160.558833341 -64.4664264076 4.760000228881836
52391 160.6307202152 -13.9745145108 6.239999771118164
52405 160.6690268367 -59.2157590511 5.360000133514404
52407 160.6799474607 -32.7156734316 5.630000114440918
52419 160.7391718945 -64.3944500575 2.740000009536743
52422 160.7578414832 26.3255773961 5.510000228881836
52425 160.7668328656 69.0762139931 5.010000228881836
52452 160.8371658924 4.7476694989 5.769999980926514
52457 160.8539826718 23.1884045204 5.079999923706055
52468 160.8845401508 -60.5666194666 4.579999923706055
52469 160.8870474679 46.2038770336 5.179999828338623
52478 160.9305653295 57.1992029475 5.789999961853027
52487 160.9633023712 -64.2490419162 5.739999771118164
52488 160.9677413159 -60.117783066 6.449999809265137
52502 161.0288103221 -63.9610716062 4.800000190734863
52513 161.0606125186 19.7588338103 6.269999980926514
52520 161.0834216303 -70.8597211937 6.25
52526 161.0954610231 -59.9933204822 6.320000171661377
52535 161.1123404532 -72.4434977292 6.260000228881836
52537 161.134730918 -70.8552549722 6.429999828338623
52577 161.2667887354 67.4113840486 5.949999809265137
52584 161.2894020709 2.4879703226 6.269999980926514
52595 161.3179741707 -80.4695969457 5.460000038146973
52633 161.4458469398 -80.5401877844 4.449999809265137
52638 161.4662254449 30.6823134348 5.360000133514404
52660 161.5236694928 6.3731831503 6.380000114440918
52678 161.5689875202 -64.5145594255 5.329999923706055
52679 161.5711050597 -60.6028722018 6.260000228881836
52685 161.5936682221 57.3659145727 6.340000152587891
52686 161.6022713541 18.8915229921 5.5
52689 161.6053225949 14.1946448381 5.489999771118164
52701 161.6232839978 -64.2632415961 5.230000019073486
52709 161.6547589338 -43.192672855 6.289999961853027
52727 161.6924091324 -49.4202553746 2.690000057220459
52730 161.700318649 -69.2097862415 6.340000152587891
52736 161.7134127486 -64.3834743429 4.869999885559082
52737 161.7168961628 -17.2968737912 5.440000057220459
52742 161.7394674118 -56.7571922097 5.139999866485596
52785 161.8775081214 -69.4377329108 6.349999904632568
52797 161.9099853058 -57.467410913 6.289999961853027
52806 161.9346547104 -59.8752572116 6.46999979019165
52815 161.973039627 -64.2628420851 6.460000038146973
52827 162.0225294426 -59.9191626632 5.980000019073486
52841 162.0587991124 -31.6878501168 5.869999885559082
52863 162.1689829639 -1.9588956657 5.920000076293945
52877 162.2077899995 65.1324914818 6.400000095367432
52882 162.2384502087 29.4160572351 6.150000095367432
52911 162.314291776 10.5452021087 5.320000171661377
52922 162.3518219114 -59.3237927675 5.849999904632568
52929 162.3699966776 63.8100287158 6.420000076293945
52943 162.4062017884 -16.1936483507 3.109999895095825
52948 162.4312026867 -9.8526949682 5.849999904632568
52959 162.4738609728 27.9739480219 6.050000190734863
52965 162.4875742863 -34.0581828904 5.610000133514404
52980 162.5752342173 -8.8977627178 5.800000190734863
53035 162.7725353725 -3.0926671917 5.949999809265137
53043 162.7958731609 56.5822500405 5.659999847412109
53064 162.8488483898 59.3201192455 5.570000171661377
53100 162.9453134167 -57.2723147928 6.289999961853027
53141 163.0570531048 1.024972751 6.369999885559082
53151 163.1192986726 -79.5594369001 6.360000133514404
53154 163.1285223808 -57.2404055471 5.260000228881836
53157 163.1335750633 52.5036050469 6.440000057220459
53167 163.1503833832 -0.2016565615 6.309999942779541
53229 163.3279379111 34.214871125 3.7899999618530273
53231 163.3381974378 -58.8934534121 6.260000228881836
53240 163.3540096669 -2.2552088498 6.119999885559082
53252 163.3730486687 -20.1387312614 5.230000019073486
53253 163.3735673572 -58.8531707985 3.7799999713897705
53257 163.3779443841 69.8538810139 5.909999847412109
53259 163.3870984015 -15.4458247334 6.340000152587891
53260 163.3891858225 -56.4205008554 6.449999809265137
53261 163.3935480023 54.5851283873 5.119999885559082
53272 163.4253224492 -70.7203366432 5.989999771118164
53273 163.4321344632 -2.1292050317 5.449999809265137
53295 163.4947576226 43.1899560014 4.659999847412109
53316 163.5740711501 -13.7580356568 5.650000095367432
53334 163.6233478279 -61.8266222476 5.949999809265137
53355 163.6757013155 25.4907223391 6.190000057220459
53377 163.7424143856 34.0347977088 5.730000019073486
53379 163.754184069 -42.2510980649 6.079999923706055
53387 163.7982173803 -20.664963071 6.449999809265137
53394 163.8217509897 -60.517003344 5.929999828338623
53411 163.8633708814 -43.0205281172 6.400000095367432
53417 163.9033235339 24.7497183189 4.300000190734863
53423 163.9266546979 0.7369224018 5.909999847412109
53426 163.9349351156 33.5069286805 5.019999980926514
53449 164.0061244045 6.1853708306 5.909999847412109
53465 164.0604940032 42.0081550236 6.03000020980835
53472 164.0702198122 22.3516825205 6.170000076293945
53492 164.1434495936 25.5002437086 6.360000133514404
53502 164.1793798269 -37.1377655039 4.599999904632568
53530 164.2826969943 -50.7650176571 5.900000095367432
53546 164.3157521505 -75.0997615036 6.159999847412109
53556 164.3340794147 -69.0380551885 6.480000019073486
53589 164.4507820907 -59.7321903701 6.360000133514404
53699 164.8072530198 -33.7375950351 5.699999809265137
53701 164.8083789946 -61.3207393946 6.159999847412109
53702 164.8073650363 -84.5938929708 6.190000057220459
53706 164.8244775556 51.8823587723 6.21999979019165
53721 164.8665570638 40.4302568508 5.03000020980835
53723 164.8788658648 -16.3537013712 5.880000114440918
53726 164.8866143004 36.09309993 5.989999771118164
53740 164.9436029171 -18.2987834173 4.079999923706055
53761 164.9867717048 77.7701742733 6.179999828338623
53762 164.9974091765 -43.8071105113 5.809999942779541
53771 165.0344936389 -51.8177996199 6.150000095367432
53773 165.0385998031 -42.2258586525 4.369999885559082
53778 165.0487234434 -14.0833683054 5.860000133514404
53781 165.0612676638 45.5262765246 5.46999979019165
53791 165.0861515225 42.9117239057 6.03000020980835
53798 165.1064781955 51.5021014183 6.409999847412109
53807 165.1402025485 3.6174940378 4.840000152587891
53811 165.1510368169 -53.1118312105 6.440000057220459
53818 165.1699297666 -31.8393685355 6.059999942779541
53824 165.1866767021 6.1014493644 4.980000019073486
53838 165.210080324 39.2120921744 5.059999942779541
53849 165.2391211283 -15.7926818529 6.349999904632568
53860 165.2735811902 63.4211100106 6.380000114440918
53907 165.4569770266 -2.4845848174 4.730000019073486
53910 165.4603199941 56.3824267864 2.3399999141693115
53940 165.5577133054 -41.1141452637 6.480000019073486
53954 165.5823966907 20.1798419271 4.420000076293945
53963 165.601889072 -26.8315054168 6.210000038146973
54027 165.8105858838 -0.7523445047 6.119999885559082
54029 165.8119983708 -11.3034695667 5.510000228881836
54030 165.8169013796 -31.9608491892 6.440000057220459
54038 165.8641041238 70.0307402398 6.440000057220459
54048 165.9022329106 -13.4349201933 6.340000152587891
54049 165.9024677076 -0.0008329465 5.949999809265137
54061 165.9319528874 61.7510332011 1.809999942779541
54082 166.0009512682 -57.9553312101 6.159999847412109
54136 166.130108897 38.2413648053 6.010000228881836
54137 166.1300048121 -47.6791034829 5.670000076293945
54173 166.2258079367 -35.804678184 5.429999828338623
54182 166.2542806136 7.3360073309 4.619999885559082
54185 166.2671289815 -49.3922990409 6.110000133514404
54204 166.3329475659 -27.2936123569 4.920000076293945
54214 166.3916455614 -11.0889006387 6.090000152587891
54255 166.4898749404 -27.2878533925 5.690000057220459
54264 166.5239193736 -51.2129201421 6.28000020980835
54289 166.6010512733 -64.8399721074 6.389999866485596
54291 166.6146432198 -50.9567252593 6.309999942779541
54294 166.6220338583 -58.6750215969 6.070000171661377
54301 166.6351162258 -62.4241132794 4.619999885559082
54319 166.6834531887 17.737363825 6.400000095367432
54327 166.7078707276 -70.8779303391 5.579999923706055
54336 166.7258636588 1.955525424 5.519999980926514
54360 166.8195455054 -42.6386813065 5.150000095367432
54380 166.8922150468 -48.6399820869 6.440000057220459
54388 166.9154381736 23.3237622024 6.480000019073486
54430 167.0657351243 -29.9724864128 6.46999979019165
54461 167.1416600407 -61.947174756 5.110000133514404
54463 167.1474580897 -58.9750369001 3.930000066757202
54477 167.1833306288 -28.0806705254 5.429999828338623
54487 167.204544193 24.6584645778 5.699999809265137
54522 167.3295003665 36.309378969 5.710000038146973
54537 167.4104196344 43.2077359913 5.889999866485596
54539 167.4158684544 44.4984868212 3.0
54540 167.415775698 67.2102084061 6.070000171661377
54561 167.472473004 -32.3675286244 5.789999961853027
54673 167.8730865478 -71.4361889776 6.340000152587891
54682 167.9145386433 -22.8258471908 4.460000038146973
54688 167.9323168684 14.400152938 6.300000190734863
54703 167.9910004882 -26.8061137071 6.429999828338623
54708 168.01475244 -58.423355587 6.239999771118164
54718 168.0425056422 -46.2667610574 6.269999980926514
54721 168.0455802535 68.2718698187 6.400000095367432
54725 168.0616259077 -32.4337929879 6.349999904632568
54742 168.126551007 -18.4998624564 6.110000133514404
54745 168.1347949457 35.8140802817 6.409999847412109
54746 168.1377382813 -49.1009961397 5.369999885559082
54749 168.1450006087 -21.7493392978 6.389999866485596
54751 168.1500539512 -60.3176250368 4.590000152587891
54767 168.1883653754 -64.1697698105 5.21999979019165
54783 168.2363180926 -49.7360899116 6.119999885559082
54811 168.3111891785 -44.3722161433 5.769999980926514
54829 168.3782603295 -59.6193180854 5.739999771118164
54840 168.4141403777 -53.2318126104 5.75
54842 168.4170507726 41.0888365508 6.329999923706055
54849 168.439800083 -0.0695019346 5.400000095367432
54863 168.5076418158 8.0606955039 5.789999961853027
54872 168.5270889804 20.5237168222 2.559999942779541
54879 168.5600215703 15.4295701868 3.3299999237060547
54929 168.7255021372 -43.7337030162 6.21999979019165
54951 168.8009541545 23.0955022383 4.559999942779541
55003 168.9281210221 -57.3558824393 6.420000076293945
55016 168.9662493629 13.3075781078 5.309999942779541
55068 169.1159306984 -45.8800122884 6.300000190734863
55084 169.1654203107 -3.6516010366 4.449999809265137
55086 169.174373409 49.4762502848 5.880000114440918
55106 169.2424059559 -7.1346889733 6.110000133514404
55130 169.3000350297 -38.0143668928 6.239999771118164
55133 169.3096861351 -41.9343258208 6.460000038146973
55137 169.3225014661 2.0105558479 5.179999828338623
55140 169.3293482482 -67.8235154089 6.059999942779541
55164 169.4119291354 -34.7373480162 6.440000057220459
55203 nan nan 3.7899999618530273
55219 169.6197366488 33.0943056746 3.490000009536743
55225 169.6433076232 -79.668651116 6.349999904632568
55249 169.7289966886 1.6503947304 5.900000095367432
55266 169.7829208274 38.185556749 4.760000228881836
55280 169.8184752986 -64.5824907088 5.989999771118164
55282 169.8351981483 -14.7785414027 3.559999942779541
55308 169.9021933545 -75.1424520317 6.260000228881836
55332 169.9614650897 -72.9582909926 6.460000038146973
55350 170.0171516141 -71.9943373474 6.409999847412109
55412 170.224059548 67.1007338931 6.199999809265137
55425 170.2516948592 -54.4910192971 3.9000000953674316
55434 170.2841430616 6.0293217059 4.050000190734863
55485 170.4553699957 57.0748572613 6.429999828338623
55497 170.4870675492 -77.608368748 6.429999828338623
55528 170.5962928407 -44.6459245771 6.099999904632568
55560 170.7066006428 43.4827029867 4.989999771118164
55564 170.7135189129 64.3305128401 6.019999980926514
55581 170.7838817562 -56.7793546271 5.820000171661377
55588 170.802846458 -36.1647693512 5.0
55595 170.8247956825 0.1320498785 6.050000190734863
55597 170.8391678205 -64.9547143261 5.090000152587891
55598 170.8411830286 -18.7799734003 5.079999923706055
55642 170.9810513 10.5295086226 4.0
55645 170.9856483382 -57.8804373383 6.5
55650 171.0096963767 1.4077654514 5.389999866485596
55657 171.0463635487 -72.2566078748 5.550000190734863
55667 171.0918919614 -42.6691020071 6.130000114440918
55687 171.1524627065 -10.8593233086 4.809999942779541
55705 171.2205158673 -17.6840096535 4.059999942779541
55716 171.2455255556 11.430291791 5.800000190734863
55756 171.3727220046 -36.0630623573 5.210000038146973
55763 171.3879053204 -37.7475754898 5.869999885559082
55765 171.4015564727 16.4565387043 5.579999923706055
55779 171.4297759303 -63.9724749596 5.179999828338623
55791 171.458560149 3.8601097811 6.349999904632568
55797 171.4879563506 55.850459215 5.730000019073486
55821 171.6064942146 33.4506076618 6.329999923706055
55831 171.6475739719 -61.1151669736 5.21999979019165
55846 171.6888396323 3.0131020309 6.489999771118164
55849 171.6969375299 -53.1599150338 5.800000190734863
55874 171.7896524002 -12.3567492041 5.929999828338623
