allclear/data/hipparcos_bright.ecsv
# %ECSV 1.0
# ---
# datatype:
# - name: hip_id
#   datatype: int32
#   description: Identifier (HIP number) (H1)
#   meta: !!omap
#   - {ucd: ID_MAIN}
#   - {width: 6}
# - {name: ra_deg, datatype: float64}
# - {name: dec_deg, datatype: float64}
# - {name: vmag, datatype: float64}
# schema: astropy-2.0
hip_id ra_deg dec_deg vmag
[from data line 5244]
69773 214.203063531 -8.8844728485 6.46999979019165
69778 214.2297883117 -77.6642215757 6.480000019073486
69792 214.2657890462 -18.5856996167 6.21999979019165
69818 214.3380813331 51.3073725883 6.190000057220459
69829 214.3685495228 15.2633797282 5.840000152587891
69862 214.4549963807 48.0020036758 6.320000171661377
69879 214.4992484205 35.5095053153 4.800000190734863
69881 214.5030273402 -7.5423878758 6.46999979019165
69896 214.5579002373 -81.0077604039 4.889999866485596
69929 214.6593993135 -18.7159676087 5.860000133514404
69958 214.7329514037 54.8637530344 6.46999979019165
69965 214.7537295125 -25.8154258063 5.869999885559082
69974 214.7774649395 -13.371094906 4.519999980926514
69977 214.779823672 -27.1411472254 6.349999904632568
69989 214.8178345759 13.0042989274 5.409999847412109
69995 214.8494971884 -37.00290667 5.929999828338623
69996 214.8509248517 -46.0580931218 3.549999952316284
70012 214.8853324622 -2.265518204 5.139999866485596
70022 214.9206287138 0.3843334968 6.179999828338623
70027 214.938479925 16.3069477665 4.840000152587891
70029 214.9489090559 38.7940518069 6.329999923706055
70035 214.9645979937 -61.2729718041 5.21999979019165
70038 214.9716689137 -6.7461670109 6.420000076293945
70051 215.0361070321 30.4291281239 6.449999809265137
70054 215.0404262874 -43.0588434019 5.550000190734863
70069 215.0814289618 -56.3864974593 4.300000190734863
70090 215.1392984552 -37.8852947939 4.050000190734863
70104 215.1774238745 -45.1870603131 4.78000020980835
70236 215.5583386574 29.3699200763 6.5
70243 215.5821616951 -34.7867923221 5.570000171661377
70248 215.5965001106 -80.1089453437 5.059999942779541
70264 215.6544563305 -58.4591169475 4.760000228881836
70270 215.6613097024 -48.3198567031 6.099999904632568
70300 215.7593287609 -39.5118190004 4.409999847412109
70306 215.7740620519 -27.7540174246 4.78000020980835
70310 215.7784249786 25.3381730488 6.21999979019165
70319 215.8136864757 1.2415689583 6.25
70320 215.8139715259 -47.4169600376 6.409999847412109
70325 215.8343884859 -50.7722517514 6.03000020980835
70327 215.8445652813 8.4466171338 4.860000133514404
70336 215.8567755026 -11.7140425864 6.21999979019165
70363 215.9524230393 -53.1762329128 5.989999771118164
70384 216.0036524723 8.2439695044 5.940000057220459
70385 216.0082542191 27.4131771726 6.389999866485596
70400 216.0472693842 5.8201305843 5.099999904632568
70414 216.0761179737 8.0845949892 6.190000057220459
70418 216.0919638017 -82.848249983 6.420000076293945
70451 216.170053116 -44.3111340356 6.429999828338623
70452 216.1702179341 -11.6697029224 6.489999771118164
70469 216.2026095353 -24.8063104802 5.340000152587891
70492 216.2763608934 -68.1953330861 5.559999942779541
70497 216.2991517981 51.8507435745 4.039999961853027
70501 216.3233048666 -13.3531629497 6.489999771118164
70517 216.3714677616 38.3930532532 6.28000020980835
70528 216.415586727 -66.1729218101 6.360000133514404
70538 216.4490384058 -26.8522415312 6.480000019073486
70574 216.5342661012 -45.2214240364 4.559999942779541
70576 216.5450533671 -45.379276384 4.329999923706055
70580 216.5560171544 -42.3185969101 6.329999923706055
70602 216.6140183563 19.2268997957 5.400000095367432
70626 216.7078087479 -39.8739886823 6.360000133514404
70638 216.7301421508 -83.6678844542 4.309999942779541
70657 216.7795286844 -65.8216465127 5.869999885559082
70663 216.8007128149 -46.1342541224 5.829999923706055
70680 216.851616705 -6.1203319833 6.179999828338623
70692 216.8814295159 75.695992901 4.25
70753 217.0434444438 -29.4916376315 4.96999979019165
70755 217.0505752383 -2.2279571872 4.809999942779541
70762 217.0685005221 36.197027823 6.21999979019165
70791 217.1575522688 49.8448514938 5.579999923706055
70794 217.173843575 -6.9005362669 5.420000076293945
70798 217.1812359484 -59.1975484839 6.460000038146973
70809 217.2162807444 -47.9920857366 6.400000095367432
70873 217.4033690077 41.7959110805 6.360000133514404
70874 217.4041839841 -76.7290826716 6.059999942779541
70892 217.4569614506 31.7911882382 6.059999942779541
70894 217.4604947137 0.8289289958 5.960000038146973
70915 217.5359535008 -45.3213555137 5.510000228881836
70931 217.5872798015 -49.5190180803 5.380000114440918
70949 217.6891218105 4.7722858919 6.010000228881836
70952 217.6919590936 63.1857876978 6.099999904632568
70966 217.73590577 -40.8451216411 6.389999866485596
70987 217.7951672799 -38.8697084354 5.989999771118164
71002 217.8185070677 -67.7171969265 5.840000152587891
71040 217.9283805956 60.2256356731 6.260000228881836
71053 217.9574580237 30.3714371711 3.569999933242798
71075 218.0194662957 38.3082526079 3.0399999618530273
71094 218.0842753997 26.677284484 6.0
71111 218.128898271 55.3980098493 5.739999771118164
71115 218.1355926479 22.2600588655 5.909999847412109
71121 218.1544016571 -50.4571574137 4.440000057220459
71154 218.2902125053 -30.7150685744 6.070000171661377
71168 218.3344583586 36.9590231836 6.389999866485596
71182 218.3748646649 -52.6795222496 5.860000133514404
71184 218.3848989898 -54.9986277035 5.860000133514404
71196 218.4095576367 79.6604271709 6.269999980926514
71243 218.5487799763 32.5344766995 6.320000171661377
71251 218.5663910548 57.065258405 6.460000038146973
71277 218.6604168792 36.6260638061 6.019999980926514
71280 218.6650856412 49.3683542342 5.739999771118164
71284 218.6700709934 29.7451299323 4.46999979019165
71295 218.7113710718 -20.4393811486 6.489999771118164
71333 218.8210168384 -60.0156436916 6.389999866485596
71352 218.8767658563 -42.1578244672 2.3299999237060547
71353 218.8811712434 -41.5174365346 5.880000114440918
71406 219.0286360994 23.2503592854 6.389999866485596
71419 219.0792937516 -46.245451293 5.550000190734863
71429 219.1004298493 -39.5974073174 6.130000114440918
71453 219.1838886071 -40.2115799837 5.739999771118164
71469 219.249066884 -12.3053487561 6.199999809265137
71494 219.3017382526 -53.0607877258 6.489999771118164
71500 219.3339708948 -46.1334390669 5.389999866485596
71510 219.3686157824 2.2772377419 6.449999809265137
71530 219.4427329442 -67.93201186 6.03000020980835
71536 219.4717758408 -49.4258282576 4.050000190734863
71568 219.5524538442 43.6421301468 5.739999771118164
71571 219.5582805239 18.2983794448 5.900000095367432
71573 219.5634272505 54.0233394822 5.829999923706055
71581 219.5806991762 -38.794184247 6.039999961853027
71618 219.7092744509 44.4045002346 5.389999866485596
71639 219.795193572 -46.5844805304 6.059999942779541
71658 219.8519753077 -49.0553194877 6.369999885559082
71681 219.896170259 -60.8371560362 1.350000023841858
71683 219.9020658387 -60.8339746814 -0.009999999776482582
71729 220.0911436973 21.9758680144 6.130000114440918
71746 220.1364990363 -56.440760771 6.300000190734863
71759 220.1766360389 13.5343252765 5.929999828338623
71762 220.1815284666 16.4183242931 4.489999771118164
71783 220.2557946104 -36.1348582965 5.670000076293945
71795 220.2872991965 13.7283002376 3.7799999713897705
71832 220.4114604301 8.1617640093 4.860000133514404
71837 220.4313354773 11.6606624299 5.550000190734863
71853 220.463489998 -30.9331562512 6.380000114440918
71857 220.4759742934 21.1235514311 6.400000095367432
71860 220.4823150807 -47.388200138 2.299999952316284
71861 220.4832495124 -58.615829533 6.210000038146973
71865 220.48996231 -37.7934985094 4.010000228881836
71870 220.4987783752 -77.0114516312 6.340000152587891
71876 220.5135390519 61.2619157108 6.239999771118164
71908 220.6267474517 -64.975138486 3.180000066757202
71957 220.7650974172 -5.6582066347 3.869999885559082
71974 220.8064651078 -24.9977531567 5.699999809265137
71995 220.8556801269 26.5278502283 4.800000190734863
72000 220.8672514999 -62.9666711081 6.389999866485596
72010 220.9143334056 -35.1736552607 4.059999942779541
72012 220.9351428543 40.4592539112 5.71999979019165
72097 221.2311424521 -58.4774920217 6.099999904632568
72104 221.2466761405 -35.191825624 4.920000076293945
72105 221.2467404317 27.074222441 2.3499999046325684
72121 221.2956643041 -55.6016403439 6.099999904632568
72122 221.2987795024 -1.4175290157 6.059999942779541
72124 221.3071340374 32.7883456599 6.269999980926514
72125 221.3102504315 16.9642797551 4.599999904632568
72131 221.3222358339 -62.8756480203 5.360000133514404
72135 221.3284452806 -51.3149273123 6.440000057220459
72139 221.3357546831 18.8849555715 6.150000095367432
72154 221.3758553748 0.71727078 5.679999828338623
72194 221.4906500382 -15.4595407225 6.329999923706055
72197 221.5003330611 -25.4431806701 5.150000095367432
72208 221.5247744661 15.1317878567 5.78000020980835
72210 221.5282033036 -23.1530176928 5.800000190734863
72217 221.5453356704 -21.1759664884 6.429999828338623
72220 221.5621837443 1.8928854354 3.7300000190734863
72250 221.6208066387 -47.4411158163 5.739999771118164
72290 221.7553894813 -52.3835178533 5.21999979019165
72296 221.7712408326 -38.2906386095 5.900000095367432
72308 221.8024422652 -52.2052563715 6.070000171661377
72310 221.8068725121 -21.3248710858 6.050000190734863
72323 221.8439787959 -25.6242668732 5.610000133514404
72338 221.8837316211 -43.5568058336 6.300000190734863
72357 221.9366881069 -26.0875003166 5.230000019073486
72370 221.9654531532 -79.0447507012 3.8299999237060547
72373 221.9789617763 -12.8400067666 6.340000152587891
72378 221.9898229887 -26.6461547518 5.760000228881836
72412 222.0972690281 24.3668760963 6.150000095367432
72432 222.1585323561 -36.6346969728 5.889999866485596
72438 222.1856258429 -66.5935631964 5.909999847412109
72449 222.225394068 -0.8476548322 6.150000095367432
72469 222.2780964218 37.8111793049 6.150000095367432
72471 222.2794030584 -56.6678291634 6.210000038146973
72487 222.3277885987 46.1162054294 5.760000228881836
72488 222.3281046844 -24.2514705551 5.679999828338623
72489 222.3293805103 -14.1490218179 5.320000171661377
72508 222.3849234853 51.3745030829 6.489999771118164
72518 222.4043568992 -68.9361903079 6.5
72524 222.4220561365 48.7208037806 5.679999828338623
72552 222.4933286426 28.61583166 5.800000190734863
72567 222.5658798818 23.9118441781 5.860000133514404
72571 222.572124714 -27.9603708422 4.420000076293945
72573 222.5850944809 82.5119441816 5.630000114440918
72582 222.6235276741 37.2720465943 5.46999979019165
72603 222.671588495 -15.9972368049 5.150000095367432
72607 222.6763600567 74.1555049077 2.069999933242798
72622 222.7196380663 -16.0417781782 2.75
72629 222.750395517 -0.2574906335 6.179999828338623
72631 222.7544636812 -2.2991504639 4.929999828338623
72659 222.8474106122 19.1004600396 4.539999961853027
72664 222.8601525274 59.2939854205 5.480000019073486
72670 222.8751470357 -77.1759699912 6.440000057220459
72683 222.9095973308 -43.5753589689 4.320000171661377
72702 222.9637742736 -18.3553249567 6.269999980926514
72772 223.1379186842 -30.5772533857 6.300000190734863
72773 223.146904114 -63.8098273996 5.909999847412109
72800 223.2128068607 -37.8031600728 5.019999980926514
72833 223.3065574141 -73.1900711776 5.590000152587891
72846 223.3472832744 15.7051671001 6.409999847412109
72848 223.3490265941 19.1527984582 6.0
72929 223.5838715316 -24.6422020346 5.269999980926514
72934 223.5953033052 -11.8983476626 5.78000020980835
72959 223.6579777489 -33.3005748857 5.849999904632568
72965 223.677423218 -65.9910952857 6.090000152587891
72983 223.7251468167 -69.8609562872 6.380000114440918
73036 223.8940020498 -60.1141641584 5.179999828338623
73049 223.9362838564 -33.855784974 5.320000171661377
73068 223.9941371792 32.3000627492 6.119999885559082
73087 224.0551263233 14.4462656656 5.900000095367432
73095 224.0718819292 -52.8095478686 5.380000114440918
73100 224.0960005132 49.62844897 5.630000114440918
73107 224.1286104112 -32.6367841593 6.059999942779541
73111 224.1335569882 -47.8791978002 5.619999885559082
73116 224.1489506032 -39.4160232963 6.360000133514404
73118 224.1597387436 -62.364417331 6.389999866485596
73129 224.183277134 -62.7810162519 5.079999923706055
73133 224.1921325429 -11.4097006535 5.480000019073486
73156 224.2649749235 21.5554190236 6.5
73165 224.2958314929 -4.3464620066 4.46999979019165
73166 224.2986573534 16.3881277558 5.71999979019165
73171 224.3071190943 -29.1576785026 6.28000020980835
73184 224.3666650609 -21.415475045 5.71999979019165
73193 224.3885467652 -0.1676117106 5.510000228881836
73199 224.3958633626 65.9324602037 4.630000114440918
73223 224.4707665806 -76.6626554481 5.369999885559082
73241 224.5366681141 -48.8630113673 6.340000152587891
73273 224.6330284885 -43.1339600802 2.680000066757202
73279 224.6522009734 -39.9071723757 6.170000076293945
73284 224.6635611361 -27.6573139127 5.650000095367432
73309 224.7199276797 -4.9892563471 6.079999923706055
73310 224.7232525653 -11.144013772 5.880000114440918
73334 224.7903543582 -42.1041938337 3.130000114440918
73341 224.8080225115 -37.8812344479 6.449999809265137
73350 224.8463141428 4.5677612249 5.909999847412109
73354 224.8633092126 -43.1598327854 6.099999904632568
73369 224.9039467864 39.2653333787 5.639999866485596
73394 224.9823319809 -75.0326690289 6.199999809265137
73415 225.0470958616 -77.1605501675 5.920000076293945
73454 225.1613266517 47.2774414093 6.349999904632568
73464 225.2178200897 22.0455886196 6.289999961853027
73473 225.2431192122 -8.5189431439 4.909999847412109
73493 225.3045686429 -38.0583981882 5.880000114440918
73497 225.332611219 -2.7549265244 5.519999980926514
73507 225.3628917965 60.2044532308 5.909999847412109
73536 225.4538298171 -0.1402952012 5.710000038146973
73540 225.4616523562 -83.2276461812 5.650000095367432
73555 225.4865097541 40.3905656891 3.490000009536743
73559 225.4920063542 -34.3588746259 6.210000038146973
73566 225.5268111793 -28.060611059 5.829999923706055
73568 225.5271181398 25.008138335 4.800000190734863
73571 225.5357220022 -7.575298844 6.380000114440918
73620 225.7251555684 2.0913027414 4.389999866485596
73624 225.7469826494 -32.6432938347 5.449999809265137
73634 225.7752294423 35.2057954841 5.519999980926514
73695 225.9471000946 47.654060114 4.829999923706055
73706 225.9906907828 65.9197136788 6.21999979019165
73714 226.0175647956 -25.2819646414 3.25
73745 226.1114238417 26.9476488231 4.519999980926514
73764 226.1787410254 -40.8613301676 6.289999961853027
73771 226.1955061302 -83.0383114093 5.650000095367432
73776 226.2007767725 -64.0313500515 5.159999847412109
73807 226.2795235509 -47.051245169 3.9100000858306885
73826 226.329858037 -41.0672358316 5.130000114440918
73841 226.3576439925 48.1509725216 5.590000152587891
73850 226.391272947 -30.5508642907 6.480000019073486
73881 226.5100622267 -48.8833911847 6.480000019073486
73901 226.5580546786 -36.2645989355 6.269999980926514
73909 226.5696518853 54.5563181053 5.239999771118164
73927 226.6130942246 -22.0318300046 6.130000114440918
73937 226.6383217776 -30.9184826497 5.96999979019165
73941 226.6464367314 36.4560625871 6.349999904632568
73945 226.6566509377 -16.2568178233 5.190000057220459
73953 226.7044185096 -16.4843612445 6.409999847412109
73966 226.7332139316 -52.0297796001 6.400000095367432
73996 226.8252745816 24.869195519 4.929999828338623
74000 226.834871066 18.4418251251 6.03000020980835
74006 226.8581373969 -49.0886122997 5.769999980926514
74026 226.9180146063 5.4980353735 6.159999847412109
74044 226.9839636041 -61.1286731115 6.489999771118164
74047 226.9865104829 -65.2754494261 6.179999828338623
74066 227.0505190006 -40.5839298802 5.75
74083 227.0814061326 50.0549546722 6.329999923706055
74087 227.0990878408 26.3011525468 5.670000076293945
74096 227.1481820532 25.1086350729 5.820000171661377
74100 227.1633218806 -42.8679214765 5.849999904632568
74117 227.2108967026 -45.2798575218 4.070000171661377
74121 227.2229662462 13.2352421759 6.159999847412109
74181 227.3563385878 -63.6429302229 6.25
74184 227.374639516 -67.0841331251 5.760000228881836
74224 227.5305203052 -38.7925112471 5.980000019073486
74239 227.5776290203 -26.3326211923 5.75
74272 227.6851229133 67.7810349741 6.179999828338623
74273 227.6864329058 -61.4223200891 6.289999961853027
74296 227.7867267816 -84.7878120449 5.880000114440918
74305 227.8165848414 -55.3460324004 5.449999809265137
74336 227.8950135939 -45.2774589147 6.440000057220459
