allclear/data/hipparcos_bright.ecsv
# %ECSV 1.0
# ---
# datatype:
# - name: hip_id
#   datatype: int32
#   description: Identifier (HIP number) (H1)
#   meta: !!omap
#   - {ucd: ID_MAIN}
#   - {width: 6}
# - {name: ra_deg, datatype: float64}
# - {name: dec_deg, datatype: float64}
# - {name: vmag, datatype: float64}
# schema: astropy-2.0
hip_id ra_deg dec_deg vmag
[from data line 7679]
101477 308.4794676647 -44.5160481079 5.119999885559082
101483 308.4876777545 13.0272546648 5.389999866485596
101489 308.499685175 4.8986641054 6.420000076293945
101505 308.5415964678 20.9851851778 6.489999771118164
101507 308.5487394155 -13.7210909331 6.110000133514404
101552 308.6974610409 -30.4734717992 6.420000076293945
101556 308.7100128639 51.8542214179 6.190000057220459
101558 308.7311495524 -38.0898900086 6.449999809265137
101570 308.7761291805 -71.1887786739 6.409999847412109
101589 308.8272306439 14.6742132818 4.639999866485596
101608 308.8844053707 -16.5258789775 6.190000057220459
101612 308.8952145694 -60.5817492521 4.75
101623 308.9491971671 -44.3376059724 6.360000133514404
101626 308.965501204 -69.6105859111 6.090000152587891
101641 309.0347399335 25.8826476794 6.400000095367432
101684 309.1597469181 -63.1209627705 6.340000152587891
101692 309.1818014856 -2.5499571504 4.909999847412109
101716 309.2694717231 26.461947306 5.590000152587891
101746 309.3265899904 0.0969780371 6.210000038146973
101756 309.3482677844 38.3286652571 6.210000038146973
101765 309.3824090785 31.5725398087 6.320000171661377
101769 309.3872544124 14.5950870738 3.640000104904175
101772 309.3917999567 -47.2915018031 3.109999895095825
101773 309.3971338389 -61.5299184205 4.860000133514404
101800 309.4546661559 11.377675956 5.420000076293945
101808 309.4676159849 -25.1092205447 6.380000114440918
101810 309.478036033 18.2685798714 6.21999979019165
101843 309.5775303292 -81.2890630544 5.889999866485596
101847 309.5845110096 -1.1051208537 4.309999942779541
101867 309.6305787192 21.2011736121 4.809999942779541
101868 309.6329776732 24.1159584617 5.059999942779541
101870 309.645795975 23.6804943794 5.909999847412109
101882 309.6832763239 13.3151247221 5.690000057220459
101899 309.7479875881 30.3342653914 5.679999828338623
101900 309.7507603675 56.004849969 6.449999809265137
101909 309.7706966133 15.8381987814 5.989999771118164
101911 309.7744264515 -4.9294939725 6.460000038146973
101916 309.7824342247 10.0862031708 5.070000171661377
101919 309.7943687099 21.8174443786 6.079999923706055
101921 309.8052117504 -2.4129753049 6.230000019073486
101923 309.8179909807 -14.9547601147 5.239999771118164
101936 309.8537147562 0.48644465 5.150000095367432
101949 309.8888187053 40.5796585117 6.070000171661377
101958 309.9095307832 15.9120719257 3.7699999809265137
101965 309.9656656323 -62.9078020521 6.21999979019165
101966 309.9661483344 11.2496492876 6.389999866485596
101983 310.0109901491 -60.5488923229 5.110000133514404
101984 310.0122689445 -18.1386588729 5.150000095367432
101986 310.013166378 43.45887839 5.96999979019165
101997 310.0489823484 -23.7738674515 6.360000133514404
102011 310.074557561 60.5052645128 6.019999980926514
102014 310.0826188676 -33.4318430501 5.46999979019165
102026 310.135492093 -16.1241796947 5.789999961853027
102033 310.1511589505 29.8055521354 6.019999980926514
102040 310.188087679 19.9355363264 6.429999828338623
102057 310.2317708318 -42.3966895724 6.25
102066 310.2605919546 32.3072872037 5.53000020980835
102080 310.3175353023 14.5828798079 6.010000228881836
102092 310.348576366 -31.5982892724 5.75
102094 310.3510920228 -25.9999114699 6.289999961853027
102096 310.3527741342 -42.13378034 6.28000020980835
102098 310.3579780887 45.2803379974 1.25
102155 310.4854207327 41.7168746922 5.679999828338623
102157 310.4878175721 -66.7606818818 5.139999866485596
102158 310.4923558463 17.5214889569 6.239999771118164
102162 310.5124465196 -76.1805918325 5.989999771118164
102177 310.5526158314 50.3400296874 5.409999847412109
102208 310.6468245613 82.5311585341 5.75
102216 310.6653637767 60.6013160225 6.170000076293945
102230 310.72066919 -39.5588296918 6.300000190734863
102253 310.7959190008 66.6574472945 5.590000152587891
102258 310.8070129152 57.1139964647 6.340000152587891
102276 310.8508028574 35.5878013278 6.480000019073486
102281 310.8647244482 15.0745807886 4.429999828338623
102333 311.0097239941 -51.9209708834 4.510000228881836
102358 311.091880309 56.4884046711 5.909999847412109
102370 311.1376354272 69.7518128268 6.5
102388 311.2187722312 25.2706165633 4.920000076293945
102395 311.2395598921 -66.2032125688 3.4200000762939453
102414 311.3046708397 -27.247280091 6.5
102422 311.3223959405 61.8387819664 3.4100000858306885
102431 311.3380338926 57.579725448 4.519999980926514
102453 311.4156403734 30.7197152306 4.21999979019165
102485 311.523887372 -25.2708975908 4.130000114440918
102487 311.541618385 -21.5140324537 5.909999847412109
102488 311.5528447273 33.9702560995 2.4800000190734863
102496 311.5775294789 -36.120151839 6.489999771118164
102497 311.5835990112 -39.1992625069 5.480000019073486
102499 311.5883532907 52.9952973279 6.340000152587891
102530 311.6607984163 46.5316918693 6.300000190734863
102531 311.6619334165 16.1241335997 5.150000095367432
102532 311.6645928514 16.1242962149 4.269999980926514
102561 311.7648408653 -2.4869118399 6.28000020980835
102571 311.7948006433 34.3741233177 4.929999828338623
102585 311.8365371246 45.5799342899 6.409999847412109
102589 311.8522407772 36.4907166494 4.53000020980835
102599 311.8894038849 80.552261808 5.360000133514404
102618 311.9189643272 -9.4957757272 3.7799999713897705
102624 311.9343165682 -5.0277008356 4.429999828338623
102631 311.9494902874 3.3064667607 6.380000114440918
102633 311.9513886415 6.0082094185 5.570000171661377
102635 311.955360753 47.8318695108 5.599999904632568
102642 311.9706748441 52.4071670173 6.289999961853027
102670 312.076811204 -44.1968317725 6.46999979019165
102693 312.1214253531 -43.9885439039 5.110000133514404
102712 312.1780965147 51.910330999 6.260000228881836
102724 312.234545592 46.1141344419 4.809999942779541
102770 312.3218242552 -0.5633366989 6.239999771118164
102771 312.3224570249 64.042257099 6.449999809265137
102772 312.3233907112 -25.7812399469 5.860000133514404
102773 312.3257127393 -68.7765213125 5.409999847412109
102780 312.3355924312 -18.0358547907 6.199999809265137
102790 312.3706713804 -46.2268261844 4.900000095367432
102804 312.4069985817 50.1270823312 6.5
102805 312.4073673396 12.5451281919 6.010000228881836
102819 312.4510833097 7.8641850118 6.320000171661377
102827 312.4776899929 46.6613371876 6.329999923706055
102831 312.4920087788 -33.7797222729 4.889999866485596
102833 312.4962374659 5.5445596592 6.199999809265137
102843 312.5205464747 44.0593037617 5.059999942779541
102891 312.6740731647 -12.5449057177 5.869999885559082
102901 312.6964488802 -32.0546040112 6.420000076293945
102916 312.753159278 -37.9133317642 5.519999980926514
102945 312.8572846613 -5.6266327618 5.989999771118164
102949 312.8676582061 28.2505053606 5.659999847412109
102950 312.8752071107 -51.6081789512 5.059999942779541
102962 312.9104491837 -62.4293351502 5.670000076293945
102978 312.9553791144 -26.9191325936 4.119999885559082
102989 312.9948388592 -33.1779739497 6.059999942779541
102993 313.0016238444 32.8488944914 6.420000076293945
103004 313.0319923221 27.0969795675 4.559999942779541
103005 313.0362245167 -5.5070592794 5.550000190734863
103045 313.1634732924 -8.9833178096 4.730000019073486
103071 313.2548144465 -23.7832028457 6.320000171661377
103077 313.2733194665 -11.5736589647 6.380000114440918
103079 313.2806997916 29.6490968233 6.360000133514404
103089 313.3114769909 44.3872605894 4.800000190734863
103094 313.3273574052 45.1816726426 5.480000019073486
103103 313.3540021847 -30.7189538493 6.349999904632568
103127 313.4174406953 -39.8098645971 5.340000152587891
103145 313.4745504295 33.4378912375 5.46999979019165
103154 313.4932810113 -6.88946139 6.440000057220459
103168 313.5273699599 -27.9252393583 6.409999847412109
103200 313.6401553505 28.0576214046 5.03000020980835
103206 313.6462805265 -50.7273410187 6.230000019073486
103219 313.684790319 75.925569848 5.989999771118164
103226 313.6992344197 -17.9228942423 5.78000020980835
103227 313.7025129291 -58.4541548562 3.6700000762939453
103294 313.902874966 13.7215358786 5.190000057220459
103298 313.9107159899 12.5685581547 5.539999961853027
103301 313.9194921415 4.532723048 6.039999961853027
103312 313.9575147004 47.4176563297 5.679999828338623
103346 314.0708756325 56.8875187869 6.230000019073486
103359 314.1061548233 50.7285980835 5.829999923706055
103360 314.1079074583 49.1958471692 5.920000076293945
103371 314.1449078061 44.9247218942 5.960000038146973
103389 314.1972169459 -26.2963776417 5.699999809265137
103401 314.2251157751 -9.6975447143 5.489999771118164
103413 314.2934093164 41.1671355796 3.940000057220459
103414 314.2940718758 0.4637793436 6.059999942779541
103460 314.419353067 -16.0315393451 5.889999866485596
103511 314.5681298384 22.3259076233 5.300000190734863
103519 314.5811029343 44.4717106464 5.550000190734863
103527 314.6080603778 10.8392860104 5.510000228881836
103530 314.6251440371 50.4617914411 5.590000152587891
103532 314.6289725336 41.9399247047 6.170000076293945
103545 314.6743335755 -14.483127744 5.949999809265137
103569 314.7686524762 4.2934814561 5.300000190734863
103571 314.7712938458 4.2946103461 5.239999771118164
103596 314.8525810947 42.3244659971 6.46999979019165
103598 314.8557656976 59.4385940889 5.539999961853027
103616 314.900575059 -19.0352833483 6.260000228881836
103632 314.9564855536 47.5209510735 4.739999771118164
103646 314.9987228747 -36.1296409079 6.099999904632568
103652 315.0165924929 7.5161968253 5.980000019073486
103673 315.0895069932 -51.2653118935 5.760000228881836
103675 315.115363995 19.3295808231 5.690000057220459
103682 315.1410003874 -4.7302612796 6.210000038146973
103693 315.1809312127 -53.7390701842 6.260000228881836
103703 315.2156889634 -17.5308977089 6.070000171661377
103732 315.2955318641 46.1557732168 5.380000114440918
103734 315.3036014795 36.0260096817 6.010000228881836
103738 315.322750943 -32.2577672718 4.670000076293945
103752 315.3666933265 -68.209593068 6.360000133514404
103777 315.438665249 -26.8809934961 6.039999961853027
103810 315.537528249 56.6696141408 5.829999923706055
103822 315.5873267022 39.5090348293 6.5
103828 315.6008306926 44.7909800203 6.179999828338623
103836 315.613199275 -38.5309704725 5.929999828338623
103871 315.7025776737 45.8488899051 6.5
103882 315.7414743364 -38.6314471587 5.320000171661377
103889 315.7484442281 -0.9247444964 6.5
103891 315.7574784472 14.7300260624 6.329999923706055
103892 315.7626001805 1.5320614876 6.239999771118164
103894 315.7701656462 38.6574146508 6.099999904632568
103902 315.7924544207 -27.7315941307 6.25
103929 315.858709059 50.3519138878 6.369999885559082
103949 315.9311110347 46.8631500528 6.320000171661377
103956 315.9484414878 53.2859005164 5.929999828338623
103963 315.9672322536 41.6281746885 6.340000152587891
103981 316.0196861521 -5.8230661182 5.53000020980835
104019 316.1012517815 -19.8549906471 4.820000171661377
104031 316.1443833416 5.502861541 5.630000114440918
104041 316.1734997957 2.9422742343 6.409999847412109
104043 316.1794356196 -77.0237671786 5.130000114440918
104048 316.1890634484 2.2697711989 6.340000152587891
104060 316.232761533 43.9278520707 3.7200000286102295
104085 316.3093746199 -54.7270416173 5.170000076293945
104101 316.3613334707 5.958199188 5.940000057220459
104105 316.3719361386 78.1263920012 5.909999847412109
104139 316.4867834875 -17.2328607693 4.079999923706055
104148 316.5047726687 -30.1251204919 5.690000057220459
104171 316.597101989 71.4317971052 5.880000114440918
104172 316.597831003 26.9243616851 6.130000114440918
104174 316.6028239209 -32.3416176601 5.199999809265137
104177 316.6063340048 -41.385965148 5.550000190734863
104185 316.6260183975 31.1846568019 5.769999980926514
104194 316.6503907073 47.6484035637 4.559999942779541
104202 316.6660094665 3.8031186412 6.480000019073486
104214 316.7247620855 38.7494146831 5.199999809265137
104217 316.7302679574 38.7420542082 6.050000190734863
104234 316.7819497378 -25.0058533732 4.489999771118164
104281 316.8901784694 15.6586571616 6.269999980926514
104296 316.935532251 -45.379469104 6.449999809265137
104297 316.9362287155 -17.4559017525 6.179999828338623
104357 317.1172473939 6.9893580747 6.139999866485596
104364 317.1362358331 -63.9282601825 5.75
104365 317.1401024704 -21.1936693275 5.300000190734863
104371 317.1620412646 30.205637463 5.599999904632568
104382 317.195190157 -88.9564989967 5.449999809265137
104440 317.3435274328 -73.1729680565 5.670000076293945
104441 317.3430636115 -36.7059375125 6.46999979019165
104452 317.3874953217 -20.5566609588 6.25
104459 317.3985322173 -11.3716930455 4.5
104481 317.4927823262 2.9436813024 6.440000057220459
104516 317.5648948781 53.5631005269 5.75
104521 317.5854173266 10.1315795301 4.699999809265137
104537 317.6289883475 47.6922239442 6.460000038146973
104538 317.6304760023 10.0489216685 6.070000171661377
104557 317.6955816786 -9.3540737777 6.269999980926514
104597 317.8372201626 -72.5443527502 6.179999828338623
104634 317.9222409832 -14.4723776369 6.46999979019165
104642 317.9509878585 59.9866105286 5.639999866485596
104680 318.0571333776 -40.2693617367 5.829999923706055
104732 318.2341090954 30.2269157106 3.2100000381469727
104738 318.2627873327 -39.4249219455 5.25
104750 318.3222181119 -27.6193326335 5.409999847412109
104752 318.3290084456 -36.4235272156 5.96999979019165
104755 318.3354562938 -70.1262666873 5.059999942779541
104756 318.3399298569 81.2309716232 6.119999885559082
104765 318.3601061327 36.6332631883 6.070000171661377
104771 318.3699455382 15.982395463 6.269999980926514
104788 318.427012093 64.4039519865 6.380000114440918
104822 318.542853582 29.9009594271 6.179999828338623
104858 318.6200632802 10.0069810465 4.46999979019165
104872 318.6543747423 0.0922565107 6.380000114440918
104887 318.6978816877 38.0453170048 3.740000009536743
104914 318.7775806681 -17.3451383308 6.050000190734863
104925 318.8099506085 -40.5060650845 6.199999809265137
104962 318.9049042436 47.9739952615 6.449999809265137
104963 318.907917115 -20.6516959644 5.170000076293945
104968 318.9268801713 77.0122962289 5.920000076293945
104974 318.9368441193 -15.1715002114 5.309999942779541
104978 318.9411270186 -53.2630842994 5.730000019073486
104980 318.9449382045 -36.2107092039 6.130000114440918
104987 318.9559653041 5.2478446257 3.9200000762939453
105017 319.0713693603 44.238222554 6.360000133514404
105019 319.0740646857 -9.2146556401 6.449999809265137
105034 319.1234142981 42.2517874874 6.230000019073486
105046 319.1644627164 -1.6077593336 6.480000019073486
105064 319.2585531171 53.9976933853 6.119999885559082
105079 319.3064046102 -13.2789890393 6.409999847412109
105080 319.3093625862 55.798001035 6.0
105091 319.3282955768 58.6114846032 6.420000076293945
105101 319.3465973381 42.6835725644 6.170000076293945
105102 319.3539702724 39.3946813857 4.21999979019165
105138 319.4794849926 34.8968978493 4.409999847412109
105140 319.484519882 -32.1725392738 4.710000038146973
105143 319.4886921479 -17.9851380028 5.400000095367432
105148 319.5020364296 -64.6815800723 6.320000171661377
105164 319.5461370988 -4.5194783057 5.829999923706055
105186 319.6132722086 43.9459448549 5.039999961853027
105193 319.635105171 61.1843934193 6.429999828338623
105199 319.6448811886 62.5855726107 2.450000047683716
105224 319.7167740606 11.2033729679 5.96999979019165
105228 319.7257465173 -28.7658205382 6.400000095367432
105229 319.7305382207 41.0405179878 6.150000095367432
105259 319.8153665378 58.6235019678 5.510000228881836
105269 319.842417623 38.2374734663 5.889999866485596
105268 319.8425835166 64.8718552162 5.190000057220459
105282 319.8697938725 49.5102940125 5.75
105319 319.9666207411 -53.4494274781 4.389999866485596
105334 320.0395149974 -45.0218926483 6.150000095367432
105344 320.0586383177 22.0261858854 6.289999961853027
105370 320.1393648723 60.7564055048 6.110000133514404
105382 320.1901761632 -40.8094655961 4.800000190734863
105390 320.2085539187 32.4522208474 6.449999809265137
105406 320.2559332891 40.3450665083 6.389999866485596
105411 320.2683096036 23.8559665248 5.579999923706055
105412 320.2679928506 -4.5601253067 5.869999885559082
